16  00:03:00   11.664    9.489   65.762   15.805    0.788   10.329    0.050000  228.790   49.169   37.966
16  00:03:30   11.664    9.537   65.741   15.804    0.787    9.343    0.058333  228.518   49.014   38.106
16  00:04:00   11.664    9.583   65.721   15.802    0.785    8.657    0.066667  228.248   48.858   38.247
16  00:04:30   11.664    9.624   65.700   15.801    0.784    7.343    0.075000  227.981   48.701   38.389
16  00:05:00   11.664    9.656   65.680   15.799    0.782    5.329    0.083333  227.717   48.542   38.532
16  00:05:30   11.926    9.677   65.659   15.797    0.781    3.071    0.091667  227.455   48.382   38.676
16  00:06:00   12.085    9.687   65.638   15.794    0.779    1.000    0.100000  227.195   48.221   38.821
16  00:06:30   12.130    9.687   65.617   15.792    0.778   -0.243    0.108333  226.938   48.059   38.967
16  00:07:00   12.162    9.685   65.596   15.789    0.776    0.000    0.116667  226.684   47.895   39.115
16  00:07:30   12.142    9.687   65.575   15.786    0.774    1.386    0.125000  226.432   47.731   39.263
16  00:08:00   12.079    9.698   65.554   15.783    0.773    3.043    0.133333  226.182   47.565   39.411
16  00:08:30   11.929    9.717   65.533   15.780    0.771    3.257    0.141667  225.935   47.398   39.561
16  00:09:00   11.771    9.731   65.511   15.777    0.769    2.700    0.150000  225.691   47.230   39.712
16  00:09:30   11.740    9.744   65.490   15.773    0.768    2.114    0.158333  225.448   47.061   39.864
16  00:10:00   11.796    9.752   65.468   15.770    0.766    1.500    0.166667  225.209   46.891   40.016
16  00:10:30   11.881    9.759   65.446   15.766    0.764   -0.400    0.175000  224.971   46.720   40.170
16  00:11:00   11.903    9.748   65.424   15.762    0.762   -4.400    0.183333  224.736   46.548   40.324
16  00:11:30   11.948    9.715   65.402   15.758    0.761   -8.529    0.191667  224.503   46.375   40.479
16  00:12:00   11.992    9.663   65.380   15.753    0.759   -9.843    0.200000  224.273   46.201   40.635
16  00:12:30   12.006    9.617   65.358   15.749    0.757   -6.829    0.208333  224.045   46.026   40.791
16  00:13:00   11.984    9.595   65.336   15.744    0.755   -1.672    0.216667  223.819   45.850   40.949
16  00:13:30   11.911    9.600   65.313   15.739    0.753    2.529    0.225000  223.596   45.673   41.107
16  00:14:00   11.762    9.620   65.290   15.734    0.752    4.300    0.233333  223.375   45.495   41.266
16  00:14:30   11.580    9.643   65.268   15.729    0.750    6.057    0.241667  223.156   45.317   41.425
16  00:15:00   11.453    9.680   65.245   15.723    0.748    9.257    0.250000  222.939   45.137   41.586
16  00:15:30   11.412    9.736   65.222   15.717    0.746   12.372    0.258333  222.725   44.956   41.746
16  00:16:00   11.431    9.804   65.199   15.712    0.744   12.357    0.266667  222.512   44.775   41.908
16  00:16:30   11.445    9.859   65.175   15.706    0.742    9.514    0.275000  222.302   44.593   42.070
16  00:17:00   11.397    9.899   65.152   15.699    0.740    6.686    0.283333  222.094   44.410   42.233
16  00:17:30   11.236    9.926   65.128   15.693    0.738    5.357    0.291667  221.889   44.226   42.397
16  00:18:00   11.044    9.953   65.105   15.687    0.737    4.772    0.300000  221.685   44.041   42.561
16  00:18:30   10.996    9.974   65.081   15.680    0.735    3.457    0.308333  221.484   43.855   42.725
16  00:19:00   11.088    9.987   65.057   15.673    0.733    2.028    0.316667  221.284   43.669   42.891
16  00:19:30   11.200    9.994   65.033   15.666    0.731    1.171    0.325000  221.087   43.482   43.056
16  00:20:00   11.211    9.999   65.008   15.659    0.729    1.386    0.333333  220.892   43.294   43.223
16  00:20:30   11.107   10.008   64.984   15.651    0.727    2.829    0.341667  220.698   43.106   43.390
16  00:21:00   11.060   10.027   64.959   15.644    0.725    5.986    0.350000  220.507   42.916   43.557
16  00:21:30   11.018   10.068   64.934   15.636    0.723    9.786    0.358333  220.318   42.726   43.725
16  00:22:00   10.996   10.125   64.909   15.628    0.721   12.614    0.366667  220.131   42.536   43.893
16  00:22:30   10.950   10.194   64.884   15.620    0.719   13.829    0.375000  219.946   42.344   44.062
16  00:23:00   10.863   10.264   64.859   15.611    0.717   14.386    0.383333  219.763   42.152   44.231
16  00:23:30   10.905   10.338   64.834   15.603    0.714   15.114    0.391667  219.581   41.960   44.401
16  00:24:00   10.989   10.415   64.808   15.594    0.712   15.214    0.400000  219.402   41.766   44.571
16  00:24:30   11.194   10.490   64.782   15.585    0.710   14.443    0.408333  219.224   41.573   44.742
16  00:25:00   11.292   10.559   64.757   15.576    0.708   13.200    0.416667  219.049   41.378   44.913
16  00:25:30   11.295   10.622   64.731   15.567    0.706   12.343    0.425000  218.875   41.183   45.084
16  00:26:00   11.249   10.683   64.704   15.558    0.704   12.100    0.433333  218.703   40.987   45.256
16  00:26:30   11.293   10.743   64.678   15.548    0.702   12.143    0.441667  218.533   40.791   45.428
16  00:27:00   11.425   10.804   64.651   15.538    0.700   12.486    0.450000  218.364   40.594   45.600
16  00:27:30   11.524   10.868   64.624   15.528    0.698   13.043    0.458333  218.198   40.396   45.773
16  00:28:00   11.611   10.934   64.597   15.518    0.695   13.671    0.466667  218.033   40.198   45.946
16  00:28:30   11.661   11.005   64.570   15.507    0.693   13.800    0.475000  217.870   40.000   46.120
16  00:29:00   11.647   11.072   64.543   15.497    0.691   13.186    0.483333  217.709   39.801   46.293
16  00:29:30   11.598   11.136   64.515   15.486    0.689   12.129    0.491667  217.549   39.601   46.467
16  00:30:00   11.607   11.194   64.488   15.475    0.687   11.086    0.500000  217.391   39.401   46.641
16  00:30:30   11.659   11.247   64.460   15.464    0.684   10.157    0.508333  217.235   39.200   46.816
16  00:31:00   11.697   11.295   64.432   15.453    0.682    9.286    0.516667  217.081   38.999   46.990
16  00:31:30   11.755   11.340   64.403   15.441    0.680    8.400    0.525000  216.928   38.797   47.165
16  00:32:00   11.897   11.379   64.375   15.429    0.678    7.743    0.533333  216.776   38.595   47.340
16  00:32:30   12.123   11.418   64.346   15.418    0.675    7.871    0.541667  216.627   38.393   47.516
16  00:33:00   12.207   11.458   64.317   15.405    0.673    8.571    0.550000  216.479   38.190   47.691
16  00:33:30   12.312   11.503   64.288   15.393    0.671    9.343    0.558333  216.332   37.987   47.867
16  00:34:00   12.236   11.551   64.259   15.381    0.669    9.629    0.566667  216.187   37.783   48.043
16  00:34:30   12.136   11.600   64.229   15.368    0.666    9.972    0.575000  216.044   37.578   48.219
16  00:35:00   11.966   11.651   64.199   15.355    0.664   11.086    0.583333  215.902   37.374   48.395
16  00:35:30   11.872   11.710   64.169   15.342    0.662   12.900    0.591667  215.761   37.169   48.571
16  00:36:00   11.875   11.780   64.139   15.329    0.659   14.329    0.600000  215.622   36.963   48.747
16  00:36:30   11.770   11.854   64.108   15.315    0.657   14.629    0.608333  215.485   36.758   48.924
16  00:37:00   11.670   11.926   64.077   15.301    0.655   13.771    0.616667  215.349   36.551   49.100
16  00:37:30   11.577   11.991   64.046   15.287    0.652   12.443    0.625000  215.214   36.345   49.277
16  00:38:00   11.669   12.051   64.015   15.273    0.650   10.900    0.633333  215.081   36.138   49.454
16  00:38:30   11.768   12.100   63.984   15.259    0.648    8.929    0.641667  214.949   35.931   49.631
16  00:39:00   11.924   12.140   63.952   15.245    0.645    6.643    0.650000  214.819   35.723   49.807
16  00:39:30   12.141   12.167   63.920   15.230    0.643    4.486    0.658333  214.690   35.515   49.984
16  00:40:00   12.353   12.185   63.888   15.215    0.641    3.229    0.666667  214.562   35.307   50.161
16  00:40:30   12.448   12.199   63.855   15.200    0.638    3.171    0.675000  214.436   35.099   50.338
16  00:41:00   12.379   12.217   63.822   15.184    0.636    3.743    0.683333  214.311   34.890   50.515
16  00:41:30   12.343   12.237   63.789   15.169    0.633    3.943    0.691667  214.187   34.681   50.692
16  00:42:00   12.211   12.256   63.756   15.153    0.631    3.629    0.700000  214.064   34.471   50.869
16  00:42:30   12.002   12.273   63.722   15.137    0.629    3.414    0.708333  213.943   34.262   51.045
16  00:43:00   11.686   12.290   63.689   15.121    0.626    3.800    0.716667  213.823   34.052   51.222
16  00:43:30   11.569   12.311   63.654   15.104    0.624    4.229    0.725000  213.705   33.841   51.399
16  00:44:00   11.517   12.333   63.620   15.088    0.621    4.114    0.733333  213.587   33.631   51.576
16  00:44:30   11.506   12.352   63.585   15.071    0.619    3.543    0.741667  213.471   33.420   51.752
16  00:45:00   11.558   12.368   63.550   15.054    0.617    2.929    0.750000  213.356   33.209   51.929
16  00:45:30   11.760   12.381   63.515   15.037    0.614    2.843    0.758333  213.242   32.998   52.105
16  00:46:00   12.073   12.396   63.479   15.019    0.612    3.386    0.766667  213.130   32.786   52.281
16  00:46:30   12.275   12.415   63.443   15.001    0.609    4.371    0.775000  213.018   32.575   52.457
16  00:47:00   12.433   12.440   63.407   14.984    0.607    5.214    0.783333  212.908   32.363   52.633
16  00:47:30   12.558   12.467   63.370   14.965    0.604    5.557    0.791667  212.799   32.151   52.809
16  00:48:00   12.529   12.496   63.333   14.947    0.602    6.057    0.800000  212.690   31.939   52.985
16  00:48:30   12.382   12.528   63.296   14.928    0.600    7.000    0.808333  212.583   31.726   53.160
16  00:49:00   12.128   12.566   63.259   14.910    0.597    8.243    0.816667  212.477   31.513   53.336
16  00:49:30   11.788   12.610   63.221   14.891    0.595    8.729    0.825000  212.373   31.300   53.511
16  00:50:00   11.338   12.653   63.182   14.871    0.592    7.857    0.833333  212.269   31.087   53.686
16  00:50:30   10.910   12.689   63.144   14.852    0.590    6.172    0.841667  212.166   30.874   53.861
16  00:51:00   10.670   12.715   63.105   14.832    0.587    4.514    0.850000  212.064   30.661   54.035
16  00:51:30   10.561   12.734   63.066   14.812    0.585    3.229    0.858333  211.964   30.447   54.209
16  00:52:00   10.421   12.747   63.026   14.792    0.582    2.014    0.866667  211.864   30.234   54.383
16  00:52:30   10.216   12.754   62.986   14.771    0.580    0.443    0.875000  211.765   30.020   54.557
16  00:53:00   10.192   12.751   62.945   14.751    0.577   -0.486    0.883333  211.668   29.806   54.731
16  00:53:30   10.271   12.749   62.904   14.730    0.575   -0.029    0.891667  211.571   29.592   54.904
16  00:54:00   10.444   12.751   62.863   14.709    0.572    1.586    0.900000  211.475   29.377   55.077
16  00:54:30   10.673   12.765   62.822   14.687    0.570    3.329    0.908333  211.380   29.163   55.250
16  00:55:00   10.983   12.784   62.780   14.666    0.568    4.471    0.916667  211.286   28.948   55.422
16  00:55:30   11.308   12.810   62.737   14.644    0.565    5.272    0.925000  211.193   28.734   55.594
16  00:56:00   11.387   12.837   62.694   14.622    0.563    5.714    0.933333  211.101   28.519   55.766
16  00:56:30   11.199   12.867   62.651   14.599    0.560    5.357    0.941667  211.010   28.304   55.937
16  00:57:00   10.924   12.891   62.608   14.577    0.558    4.329    0.950000  210.920   28.089   56.108
16  00:57:30   10.664   12.910   62.563   14.554    0.555    3.686    0.958333  210.830   27.874   56.279
16  00:58:00   10.214   12.928   62.519   14.531    0.553    4.043    0.966667  210.742   27.659   56.449
16  00:58:30    9.844   12.951   62.474   14.507    0.550    5.243    0.975000  210.654   27.444   56.619
16  00:59:00    9.516   12.980   62.429   14.484    0.548    6.371    0.983333  210.567   27.229   56.788
16  00:59:30    9.544   13.014   62.383   14.460    0.545    7.186    0.991667  210.481   27.013   56.957
16  01:00:00    9.738   13.052   62.336   14.436    0.543    8.000    1.000000  210.396   26.798   57.126
16  01:00:30   10.008   13.094   62.289   14.411    0.540    8.771    1.008333  210.312   26.582   57.294
16  01:01:00   10.320   13.140   62.242   14.387    0.538    9.300    1.016667  210.228   26.367   57.462
16  01:01:30   10.353   13.187   62.194   14.362    0.535    9.257    1.025000  210.145   26.151   57.629
16  01:02:00   10.380   13.232   62.146   14.337    0.533    8.458    1.033333  210.063   25.936   57.796
16  01:02:30   10.450   13.272   62.097   14.311    0.530    7.471    1.041667  209.982   25.720   57.962
16  01:03:00   10.691   13.307   62.048   14.286    0.528    6.485    1.050000  209.901   25.504   58.128
16  01:03:30   10.858   13.337   61.998   14.260    0.526    5.700    1.058333  209.821   25.288   58.293
16  01:04:00   10.945   13.364   61.948   14.233    0.523    5.400    1.066667  209.742   25.072   58.458
16  01:04:30   10.969   13.391   61.897   14.207    0.521    5.600    1.075000  209.664   24.857   58.622
16  01:05:00   10.842   13.420   61.846   14.180    0.518    6.286    1.083333  209.586   24.641   58.786
16  01:05:30   10.631   13.454   61.794   14.153    0.516    7.043    1.091667  209.510   24.425   58.949
16  01:06:00   10.324   13.490   61.741   14.126    0.513    7.814    1.100000  209.433   24.209   59.112
16  01:06:30    9.932   13.532   61.688   14.098    0.511    9.071    1.108333  209.358   23.993   59.274
16  01:07:00    9.857   13.581   61.634   14.071    0.509   10.700    1.116667  209.283   23.777   59.435
16  01:07:30   10.018   13.639   61.580   14.042    0.506   12.271    1.125000  209.209   23.561   59.596
16  01:08:00   10.515   13.704   61.525   14.014    0.504   13.243    1.133333  209.135   23.345   59.756
16  01:08:30   11.160   13.771   61.470   13.985    0.501   13.729    1.141667  209.062   23.129   59.916
16  01:09:00   11.468   13.841   61.414   13.957    0.499   14.386    1.150000  208.990   22.913   60.075
16  01:09:30   12.408   13.915   61.357   13.927    0.496   15.300    1.158333  208.918   22.697   60.233
16  01:10:00   12.408   13.994   61.300   13.898    0.494   16.157    1.166667  208.847   22.481   60.390
16  01:10:30   12.408   14.077   61.242   13.868    0.492   16.871    1.175000  208.777   22.265   60.547
16  01:11:00   12.408   14.163   61.183   13.838    0.489   17.171    1.183333  208.707   22.049   60.704