18  00:03:00   12.764   13.497   63.625   25.562    0.642  -14.972    0.050000  153.675   35.450   50.040
18  00:03:30   12.764   13.417   63.656   25.557    0.644  -17.100    0.058333  153.552   35.647   49.873
18  00:04:00   12.764   13.326   63.687   25.552    0.647  -18.843    0.066667  153.429   35.843   49.706
18  00:04:30   12.764   13.229   63.717   25.547    0.649  -20.771    0.075000  153.304   36.039   49.539
18  00:05:00   12.764   13.118   63.748   25.543    0.651  -23.100    0.083333  153.178   36.234   49.372
18  00:05:30   12.898   12.998   63.777   25.538    0.653  -24.657    0.091667  153.050   36.429   49.205
18  00:06:00   13.014   12.872   63.807   25.534    0.656  -25.157    0.100000  152.922   36.624   49.038
18  00:06:30   12.999   12.746   63.837   25.529    0.658  -25.143    0.108333  152.792   36.818   48.872
18  00:07:00   12.985   12.620   63.866   25.525    0.660  -25.357    0.116667  152.661   37.012   48.705
18  00:07:30   12.949   12.492   63.895   25.521    0.662  -25.886    0.125000  152.529   37.206   48.539
18  00:08:00   12.794   12.362   63.924   25.517    0.664  -25.943    0.133333  152.395   37.399   48.373
18  00:08:30   12.634   12.233   63.952   25.513    0.666  -25.371    0.141667  152.260   37.592   48.207
18  00:09:00   12.579   12.108   63.980   25.510    0.669  -23.986    0.150000  152.124   37.784   48.041
18  00:09:30   12.514   11.993   64.009   25.506    0.671  -21.829    0.158333  151.986   37.976   47.876
18  00:10:00   12.484   11.890   64.037   25.503    0.673  -19.528    0.166667  151.847   38.168   47.710
18  00:10:30   12.427   11.798   64.064   25.500    0.675  -17.371    0.175000  151.707   38.359   47.545
18  00:11:00   12.507   11.716   64.092   25.496    0.677  -14.929    0.183333  151.565   38.550   47.380
18  00:11:30   12.501   11.649   64.119   25.494    0.679  -11.986    0.191667  151.422   38.740   47.215
18  00:12:00   12.481   11.596   64.146   25.491    0.681   -9.214    0.200000  151.277   38.930   47.050
18  00:12:30   12.554   11.556   64.173   25.488    0.683   -7.271    0.208333  151.131   39.119   46.886
18  00:13:00   12.596   11.523   64.200   25.485    0.686   -5.957    0.216667  150.984   39.308   46.722
18  00:13:30   12.627   11.497   64.227   25.483    0.688   -4.329    0.225000  150.835   39.497   46.558
18  00:14:00   12.551   11.480   64.253   25.481    0.690   -2.643    0.233333  150.685   39.684   46.394
18  00:14:30   12.486   11.470   64.279   25.478    0.692   -2.143    0.241667  150.533   39.872   46.231
18  00:15:00   12.375   11.459   64.305   25.476    0.694   -3.543    0.250000  150.380   40.059   46.068
18  00:15:30   12.175   11.435   64.331   25.474    0.696   -6.571    0.258333  150.225   40.245   45.905
18  00:16:00   12.024   11.393   64.357   25.473    0.698  -10.157    0.266667  150.069   40.431   45.743
18  00:16:30   11.866   11.333   64.382   25.471    0.700  -13.643    0.275000  149.911   40.616   45.581
18  00:17:00   11.746   11.256   64.407   25.469    0.702  -16.843    0.283333  149.751   40.801   45.419
18  00:17:30   11.604   11.165   64.432   25.468    0.704  -18.900    0.291667  149.590   40.985   45.258
18  00:18:00   11.453   11.067   64.457   25.467    0.706  -18.857    0.300000  149.428   41.169   45.097
18  00:18:30   11.412   10.976   64.482   25.466    0.708  -16.686    0.308333  149.263   41.352   44.936
18  00:19:00   11.379   10.901   64.507   25.465    0.710  -13.486    0.316667  149.098   41.534   44.776
18  00:19:30   11.312   10.842   64.531   25.464    0.712  -10.657    0.325000  148.930   41.716   44.616
18  00:20:00   11.226   10.794   64.555   25.463    0.714   -8.614    0.333333  148.761   41.897   44.456
18  00:20:30   11.209   10.755   64.580   25.462    0.716   -7.029    0.341667  148.590   42.078   44.297
18  00:21:00   11.238   10.724   64.604   25.462    0.718   -6.086    0.350000  148.418   42.258   44.139
18  00:21:30   11.276   10.695   64.627   25.462    0.720   -6.771    0.358333  148.244   42.437   43.981
18  00:22:00   11.330   10.656   64.651   25.461    0.721   -9.443    0.366667  148.068   42.616   43.823
18  00:22:30   11.399   10.600   64.674   25.461    0.723  -12.814    0.375000  147.890   42.794   43.666
18  00:23:00   11.342   10.528   64.698   25.461    0.725  -15.214    0.383333  147.711   42.971   43.509
18  00:23:30   11.288   10.448   64.721   25.461    0.727  -16.214    0.391667  147.530   43.148   43.353
18  00:24:00   11.223   10.366   64.744   25.462    0.729  -16.457    0.400000  147.347   43.324   43.197
18  00:24:30   11.208   10.283   64.767   25.462    0.731  -16.271    0.408333  147.163   43.499   43.041
18  00:25:00   11.154   10.203   64.790   25.463    0.733  -15.443    0.416667  146.977   43.674   42.887
18  00:25:30   11.141   10.129   64.812   25.463    0.735  -13.829    0.425000  146.788   43.847   42.733
18  00:26:00   11.190   10.065   64.835   25.464    0.736  -11.857    0.433333  146.599   44.020   42.579
18  00:26:30   11.220   10.010   64.857   25.465    0.738  -10.486    0.441667  146.407   44.193   42.426
18  00:27:00   11.206    9.960   64.879   25.466    0.740  -10.100    0.450000  146.213   44.364   42.273
18  00:27:30   11.141    9.909   64.901   25.467    0.742  -10.243    0.458333  146.018   44.535   42.121
18  00:28:00   11.119    9.857   64.923   25.469    0.743  -10.571    0.466667  145.820   44.705   41.970
18  00:28:30   11.130    9.804   64.945   25.470    0.745  -11.100    0.475000  145.621   44.874   41.819
18  00:29:00   11.066    9.746   64.967   25.472    0.747  -11.900    0.483333  145.420   45.043   41.669
18  00:29:30   10.896    9.685   64.988   25.474    0.749  -12.557    0.491667  145.217   45.210   41.520
18  00:30:00   10.709    9.621   65.010   25.476    0.750  -12.343    0.500000  145.012   45.377   41.371
18  00:30:30   10.584    9.561   65.031   25.478    0.752  -11.143    0.508333  144.805   45.543   41.223
18  00:31:00   10.407    9.509   65.052   25.480    0.754   -9.586    0.516667  144.596   45.708   41.076
18  00:31:30   10.069    9.465   65.073   25.482    0.756   -8.300    0.525000  144.385   45.872   40.929
18  00:32:00    9.700    9.426   65.094   25.484    0.757   -7.729    0.533333  144.172   46.036   40.783
18  00:32:30    9.508    9.388   65.115   25.487    0.759   -7.714    0.541667  143.957   46.198   40.638
18  00:33:00    9.428    9.349   65.136   25.490    0.760   -7.957    0.550000  143.741   46.360   40.493
18  00:33:30    9.405    9.309   65.156   25.492    0.762   -8.329    0.558333  143.522   46.520   40.349
18  00:34:00    9.352    9.266   65.177   25.495    0.764   -8.686    0.566667  143.301   46.680   40.206
18  00:34:30    9.287    9.222   65.197   25.498    0.765   -9.671    0.575000  143.078   46.838   40.064
18  00:35:00    9.232    9.169   65.217   25.501    0.767  -11.457    0.583333  142.853   46.996   39.922
18  00:35:30    9.118    9.107   65.238   25.505    0.768  -13.157    0.591667  142.626   47.153   39.782
18  00:36:00    8.903    9.038   65.258   25.508    0.770  -14.257    0.600000  142.397   47.308   39.642
18  00:36:30    8.667    8.965   65.277   25.512    0.772  -14.500    0.608333  142.166   47.463   39.503
18  00:37:00    8.463    8.893   65.297   25.516    0.773  -14.386    0.616667  141.933   47.617   39.365
18  00:37:30    8.461    8.821   65.317   25.519    0.775  -14.629    0.625000  141.697   47.770   39.228
18  00:38:00    8.502    8.746   65.336   25.523    0.776  -15.229    0.633333  141.460   47.921   39.091
18  00:38:30    8.508    8.668   65.356   25.527    0.778  -16.371    0.641667  141.220   48.072   38.956
18  00:39:00    8.481    8.583   65.375   25.532    0.779  -17.429    0.650000  140.979   48.221   38.821
18  00:39:30    8.487    8.494   65.395   25.536    0.781  -17.514    0.658333  140.735   48.370   38.688
18  00:40:00    8.622    8.408   65.414   25.541    0.782  -16.929    0.666667  140.489   48.517   38.555
18  00:40:30    8.728    8.325   65.433   25.545    0.783  -16.014    0.675000  140.241   48.663   38.423
18  00:41:00    8.791    8.247   65.452   25.550    0.785  -14.457    0.683333  139.990   48.808   38.292
18  00:41:30    8.851    8.180   65.471   25.555    0.786  -11.457    0.691667  139.738   48.952   38.162
18  00:42:00    8.991    8.133   65.489   25.560    0.788   -6.972    0.700000  139.483   49.095   38.034
18  00:42:30    9.058    8.111   65.508   25.565    0.789   -2.343    0.708333  139.226   49.236   37.906
18  00:43:00    9.000    8.109   65.527   25.571    0.790    1.200    0.716667  138.967   49.376   37.779
18  00:43:30    8.872    8.123   65.545   25.576    0.792    3.171    0.725000  138.706   49.515   37.653
18  00:44:00    8.767    8.141   65.563   25.582    0.793    3.457    0.733333  138.443   49.653   37.529
18  00:44:30    8.654    8.157   65.582   25.587    0.794    2.200    0.741667  138.177   49.790   37.405
18  00:45:00    8.585    8.163   65.600   25.593    0.796    0.186    0.750000  137.910   49.925   37.283
18  00:45:30    8.586    8.159   65.618   25.599    0.797   -1.714    0.758333  137.640   50.059   37.161
18  00:46:00    8.690    8.146   65.636   25.605    0.798   -3.114    0.766667  137.368   50.192   37.041
18  00:46:30    8.874    8.128   65.654   25.612    0.799   -3.943    0.775000  137.093   50.324   36.922
18  00:47:00    9.027    8.107   65.672   25.618    0.801   -3.957    0.783333  136.817   50.454   36.804
18  00:47:30    9.141    8.088   65.690   25.625    0.802   -3.171    0.791667  136.538   50.583   36.687
18  00:48:00    9.191    8.075   65.707   25.631    0.803   -2.129    0.800000  136.257   50.710   36.572
18  00:48:30    9.249    8.067   65.725   25.638    0.804   -1.443    0.808333  135.974   50.836   36.457
18  00:49:00    9.315    8.060   65.742   25.645    0.805   -1.229    0.816667  135.689   50.961   36.344
18  00:49:30    9.355    8.055   65.760   25.652    0.807   -1.114    0.825000  135.402   51.085   36.232
18  00:50:00    9.382    8.049   65.777   25.659    0.808   -1.114    0.833333  135.112   51.206   36.121
18  00:50:30    9.366    8.044   65.794   25.667    0.809   -0.771    0.841667  134.820   51.327   36.012
18  00:51:00    9.364    8.042   65.812   25.674    0.810    0.329    0.850000  134.526   51.446   35.904
18  00:51:30    9.360    8.047   65.829   25.682    0.811    1.814    0.858333  134.230   51.564   35.797
18  00:52:00    9.371    8.060   65.846   25.690    0.812    2.543    0.866667  133.932   51.680   35.691
18  00:52:30    9.354    8.072   65.863   25.698    0.813    1.971    0.875000  133.632   51.794   35.587
18  00:53:00    9.344    8.079   65.879   25.706    0.814    0.743    0.883333  133.329   51.908   35.484
18  00:53:30    9.346    8.080   65.896   25.714    0.815    0.086    0.891667  133.025   52.019   35.383
18  00:54:00    9.344    8.080   65.913   25.723    0.816    0.057    0.900000  132.718   52.129   35.283
18  00:54:30    9.363    8.080   65.930   25.731    0.817   -0.014    0.908333  132.409   52.238   35.184
18  00:55:00    9.412    8.080   65.946   25.740    0.818   -0.414    0.916667  132.098   52.345   35.087
18  00:55:30    9.432    8.076   65.963   25.749    0.819   -0.472    0.925000  131.785   52.450   34.991
18  00:56:00    9.383    8.075   65.979   25.757    0.820    0.743    0.933333  131.470   52.554   34.896
18  00:56:30    9.342    8.084   65.995   25.767    0.821    2.529    0.941667  131.153   52.656   34.803
18  00:57:00    9.372    8.101   66.012   25.776    0.822    3.186    0.950000  130.834   52.757   34.711
18  00:57:30    9.462    8.115   66.028   25.785    0.823    1.843    0.958333  130.512   52.856   34.621
18  00:58:00    9.530    8.119   66.044   25.795    0.824   -0.157    0.966667  130.189   52.953   34.533
18  00:58:30    9.532    8.114   66.060   25.804    0.825   -1.514    0.975000  129.864   53.048   34.446
18  00:59:00    9.562    8.104   66.076   25.814    0.826   -2.429    0.983333  129.537   53.142   34.360
18  00:59:30    9.584    8.090   66.092   25.824    0.826   -3.872    0.991667  129.208   53.234   34.276
18  01:00:00    9.524    8.065   66.108   25.834    0.827   -6.171    1.000000  128.877   53.325   34.193
18  01:00:30    9.396    8.028   66.124   25.845    0.828   -8.629    1.008333  128.545   53.413   34.113
18  01:01:00    9.219    7.979   66.140   25.855    0.829  -10.486    1.016667  128.210   53.500   34.033
18  01:01:30    9.108    7.923   66.155   25.866    0.829  -11.786    1.025000  127.873   53.586   33.955
18  01:02:00    9.000    7.861   66.171   25.876    0.830  -12.729    1.033333  127.535   53.669   33.879
18  01:02:30    8.936    7.796   66.186   25.887    0.831  -13.257    1.041667  127.195   53.751   33.805
18  01:03:00    8.931    7.729   66.202   25.898    0.832  -13.257    1.050000  126.853   53.831   33.732
18  01:03:30    9.001    7.663   66.217   25.909    0.832  -12.900    1.058333  126.510   53.909   33.661
18  01:04:00    9.061    7.600   66.233   25.921    0.833  -12.486    1.066667  126.165   53.985   33.591
18  01:04:30    9.113    7.538   66.248   25.932    0.834  -12.029    1.075000  125.818   54.059   33.523
18  01:05:00    9.104    7.479   66.263   25.944    0.834  -11.529    1.083333  125.470   54.132   33.457
18  01:05:30    9.035    7.423   66.278   25.956    0.835  -11.214    1.091667  125.120   54.202   33.392
18  01:06:00    8.991    7.367   66.294   25.968    0.836  -11.500    1.100000  124.768   54.271   33.329
18  01:06:30    8.939    7.308   66.309   25.980    0.836  -12.271    1.108333  124.415   54.338   33.268
18  01:07:00    8.878    7.244   66.324   25.992    0.837  -12.671    1.116667  124.060   54.403   33.209
18  01:07:30    8.718    7.181   66.339   26.004    0.837  -12.057    1.125000  123.705   54.466   33.151
18  01:08:00    8.573    7.124   66.354   26.017    0.838  -10.928    1.133333  123.347   54.527   33.095
18  01:08:30    8.523    7.072   66.368   26.030    0.838  -10.043    1.141667  122.988   54.586   33.041
18  01:09:00    8.523    7.023   66.383   26.043    0.839   -9.029    1.150000  122.628   54.643   32.989
18  01:09:30    8.423    6.982   66.398   26.056    0.839   -6.886    1.158333  122.267   54.699   32.938
18  01:10:00    8.261    6.955   66.413   26.069    0.840   -3.700    1.166667  121.905   54.752   32.889
18  01:10:30    8.129    6.945   66.427   26.082    0.840   -0.486    1.175000  121.541   54.803   32.842
18  01:11:00    8.099    6.950   66.442   26.096    0.841    2.043    1.183333  121.176   54.853   32.797
18  01:11:30    8.162    6.965   66.456   26.110    0.841    4.000    1.191667  120.810   54.900   32.754
18  01:12:00    8.221    6.990   66.471   26.123    0.841    5.371    1.200000  120.444   54.945   32.712
18  01:12:30    8.318    7.019   66.485   26.137    0.842    5.857    1.208333  120.076   54.989   32.673
18  01:13:00    8.378    7.048   66.500   26.152    0.842    5.300    1.216667  119.707   55.030   32.635
18  01:13:30    8.410    7.072   66.514   26.166    0.842    3.843    1.225000  119.337   55.069   32.599
18  01:14:00    8.396    7.087   66.528   26.181    0.843    2.200    1.233333  118.967   55.107   32.565
18  01:14:30    8.377    7.094   66.542   26.195    0.843    0.871    1.241667  118.596   55.142   32.532
18  01:15:00    8.377    7.095   66.557   26.210    0.843   -0.271    1.250000  118.223   55.175   32.502
18  01:15:30    8.377    7.091   66.571   26.225    0.844   -1.529    1.258333  117.851   55.206   32.473
18  01:16:00    8.415    7.080   66.585   26.240    0.844   -2.914    1.266667  117.477   55.235   32.447
18  01:16:30    8.472    7.062   66.599   26.256    0.844   -4.086    1.275000  117.103   55.262   32.422
18  01:17:00    8.527    7.039   66.613   26.271    0.844   -4.771    1.283333  116.729   55.287   32.399
18  01:17:30    8.512    7.014   66.627   26.287    0.845   -5.329    1.291667  116.354   55.310   32.378
18  01:18:00    8.509    6.986   66.640   26.303    0.845   -6.057    1.300000  115.978   55.331   32.359
18  01:18:30    8.540    6.954   66.654   26.319    0.845   -6.614    1.308333  115.602   55.350   32.342
18  01:19:00    8.570    6.920   66.668   26.335    0.845   -6.186    1.316667  115.226   55.367   32.327
18  01:19:30    8.612    6.892   66.682   26.351    0.845   -4.586    1.325000  114.850   55.381   32.313
18  01:20:00    8.696    6.874   66.696   26.368    0.845   -2.757    1.333333  114.473   55.394   32.302
18  01:20:30    8.819    6.864   66.709   26.385    0.845   -1.643    1.341667  114.096   55.404   32.292
18  01:21:00    8.918    6.858   66.723   26.402    0.845   -1.086    1.350000  113.720   55.412   32.285
18  01:21:30    8.996    6.853   66.736   26.419    0.845   -0.057    1.358333  113.343   55.418   32.279
18  01:22:00    9.055    6.857   66.750   26.436    0.845    2.171    1.366667  112.966   55.423   32.275
18  01:22:30    9.118    6.875   66.763   26.454    0.846    4.443    1.375000  112.589   55.425   32.273
18  01:23:00    9.115    6.901   66.777   26.471    0.846    5.329    1.383333  112.212   55.425   32.273
18  01:23:30    9.101    6.928   66.790   26.489    0.845    4.943    1.391667  111.836   55.422   32.275
18  01:24:00    9.090    6.951   66.804   26.507    0.845    4.786    1.400000  111.459   55.418   32.279
18  01:24:30    9.154    6.976   66.817   26.525    0.845    5.700    1.408333  111.083   55.412   32.285
18  01:25:00    9.222    7.008   66.830   26.544    0.845    6.529    1.416667  110.708   55.403   32.293
18  01:25:30    9.268    7.042   66.843   26.562    0.845    6.000    1.425000  110.332   55.393   32.303
18  01:26:00    9.277    7.068   66.857   26.581    0.845    4.443    1.433333  109.958   55.380   32.314
18  01:26:30    9.262    7.086   66.870   26.600    0.845    3.386    1.441667  109.583   55.366   32.328
18  01:27:00    9.264    7.102   66.883   26.619    0.845    3.643    1.450000  109.210   55.349   32.343
18  01:27:30    9.315    7.122   66.896   26.639    0.845    4.614    1.458333  108.837   55.330   32.360
18  01:28:00    9.417    7.148   66.909   26.658    0.845    5.114    1.466667  108.464   55.309   32.379
18  01:28:30    9.550    7.174   66.922   26.678    0.844    5.000    1.475000  108.093   55.286   32.400
18  01:29:00    9.626    7.198   66.935   26.698    0.844    4.914    1.483333  107.722   55.261   32.423
18  01:29:30    9.677    7.223   66.948   26.718    0.844    5.300    1.491667  107.352   55.234   32.448
18  01:30:00    9.692    7.251   66.961   26.738    0.844    5.900    1.500000  106.983   55.205   32.475
18  01:30:30    9.681    7.282   66.973   26.759    0.843    6.300    1.508333  106.615   55.174   32.503
18  01:31:00    9.689    7.314   66.986   26.779    0.843    6.486    1.516667  106.247   55.141   32.534
18  01:31:30    9.676    7.347   66.999   26.800    0.843    6.929    1.525000  105.881   55.105   32.566
18  01:32:00    9.699    7.383   67.012   26.821    0.842    7.671    1.533333  105.516   55.068   32.600
18  01:32:30    9.701    7.423   67.024   26.843    0.842    8.114    1.541667  105.152   55.029   32.636
18  01:33:00    9.727    7.464   67.037   26.864    0.842    7.814    1.550000  104.790   54.988   32.674
18  01:33:30    9.821    7.501   67.050   26.886    0.841    6.971    1.558333  104.428   54.944   32.713
18  01:34:00    9.963    7.534   67.062   26.908    0.841    6.014    1.566667  104.068   54.899   32.755
18  01:34:30   10.153    7.562   67.075   26.930    0.841    4.972    1.575000  103.709   54.852   32.798
18  01:35:00   10.248    7.584   67.087   26.952    0.840    3.471    1.583333  103.352   54.803   32.843
18  01:35:30   10.308    7.596   67.100   26.975    0.840    1.457    1.591667  102.996   54.752   32.890
18  01:36:00   10.293    7.598   67.112   26.998    0.839   -0.614    1.600000  102.641   54.699   32.938
18  01:36:30   10.254    7.590   67.125   27.021    0.839   -1.943    1.608333  102.288   54.644   32.988
18  01:37:00   10.230    7.579   67.137   27.044    0.838   -2.200    1.616667  101.937   54.587   33.041
18  01:37:30   10.159    7.568   67.149   27.068    0.838   -1.929    1.625000  101.587   54.528   33.094
18  01:38:00   10.110    7.560   67.162   27.091    0.837   -1.829    1.633333  101.238   54.467   33.150
18  01:38:30   10.017    7.550   67.174   27.115    0.837   -2.271    1.641667  100.892   54.405   33.207
18  01:39:00    9.937    7.537   67.186   27.139    0.836   -2.843    1.650000  100.547   54.340   33.266
18  01:39:30    9.866    7.521   67.199   27.163    0.836   -2.814    1.658333  100.204   54.274   33.327
18  01:40:00    9.891    7.509   67.211   27.188    0.835   -2.057    1.666667   99.863   54.205   33.389
18  01:40:30    9.973    7.501   67.223   27.213    0.834   -1.186    1.675000   99.523   54.135   33.453
18  01:41:00   10.140    7.497   67.235   27.238    0.834   -0.772    1.683333   99.185   54.063   33.519
18  01:41:30   10.171    7.493   67.247   27.263    0.833   -0.729    1.691667   98.850   53.990   33.586
18  01:42:00   10.211    7.490   67.259   27.288    0.832    0.029    1.700000   98.516   53.914   33.655
18  01:42:30   10.101    7.493   67.271   27.314    0.832    1.672    1.708333   98.184   53.837   33.726
18  01:43:00   10.035    7.506   67.283   27.340    0.831    3.571    1.716667   97.854   53.758   33.798
18  01:43:30    9.927    7.529   67.295   27.366    0.830    4.486    1.725000   97.526   53.677   33.872
18  01:44:00    9.838    7.551   67.307   27.393    0.830    4.157    1.733333   97.200   53.594   33.947
18  01:44:30    9.669    7.571   67.319   27.419    0.829    4.043    1.741667   96.876   53.510   34.024
18  01:45:00    9.388    7.592   67.331   27.446    0.828    4.929    1.750000   96.554   53.424   34.103
18  01:45:30    9.141    7.620   67.343   27.473    0.827    5.557    1.758333   96.235   53.336   34.183
18  01:46:00    9.010    7.647   67.355   27.501    0.826    4.371    1.766667   95.917   53.247   34.264
18  01:46:30    8.997    7.664   67.366   27.528    0.826    1.886    1.775000   95.602   53.156   34.348
18  01:47:00    9.042    7.666   67.378   27.556    0.825    0.486    1.783333   95.289   53.063   34.432
18  01:47:30    9.048    7.669   67.390   27.584    0.824    1.043    1.791667   94.978   52.969   34.518
18  01:48:00    9.132    7.676   67.402   27.613    0.823    1.557    1.800000   94.669   52.873   34.606
18  01:48:30    9.192    7.684   67.413   27.641    0.822    1.714    1.808333   94.362   52.775   34.695
18  01:49:00    9.305    7.694   67.425   27.670    0.821    1.929    1.816667   94.058   52.676   34.785
18  01:49:30    9.363    7.703   67.437   27.699    0.820    3.128    1.825000   93.756   52.575   34.877
18  01:50:00    9.378    7.725   67.448   27.729    0.819    4.471    1.833333   93.456   52.473   34.970
18  01:50:30    9.263    7.748   67.460   27.758    0.819    4.986    1.841667   93.159   52.369   35.065
18  01:51:00    9.049    7.775   67.471   27.788    0.818    4.557    1.850000   92.864   52.263   35.161
18  01:51:30    8.801    7.794   67.483   27.818    0.817    3.586    1.858333   92.571   52.156   35.258
18  01:52:00    8.710    7.811   67.494   27.849    0.816    2.243    1.866667   92.280   52.048   35.357
18  01:52:30    8.748    7.816   67.506   27.879    0.815    0.543    1.875000   91.992   51.938   35.457
18  01:53:00    8.892    7.816   67.517   27.910    0.814   -1.300    1.883333   91.706   51.826   35.558
18  01:53:30    8.953    7.803   67.529   27.942    0.812   -3.371    1.891667   91.423   51.713   35.661
18  01:54:00    8.991    7.782   67.540   27.973    0.811   -5.128    1.900000   91.142   51.599   35.765
18  01:54:30    8.958    7.752   67.552   28.005    0.810   -6.786    1.908333   90.863   51.483   35.870
18  01:55:00    9.015    7.714   67.563   28.037    0.809   -8.229    1.916667   90.587   51.366   35.977
18  01:55:30    9.102    7.670   67.574   28.069    0.808   -9.557    1.925000   90.313   51.247   36.084
18  01:56:00    9.190    7.619   67.586   28.102    0.807   -9.914    1.933333   90.042   51.127   36.193
18  01:56:30    9.134    7.570   67.597   28.135    0.806   -8.571    1.941667   89.773   51.006   36.304
18  01:57:00    9.086    7.533   67.608   28.168    0.805   -5.914    1.950000   89.506   50.883   36.415
18  01:57:30    9.100    7.511   67.619   28.202    0.804   -3.614    1.958333   89.242   50.759   36.527
18  01:58:00    9.212    7.497   67.630   28.236    0.802   -1.971    1.966667   88.980   50.634   36.641
18  01:58:30    9.274    7.492   67.642   28.270    0.801   -0.114    1.975000   88.720   50.507   36.756
18  01:59:00    9.281    7.496   67.653   28.304    0.800    2.028    1.983333   88.463   50.379   36.872
18  01:59:30    9.234    7.512   67.664   28.339    0.799    3.628    1.991667   88.209   50.250   36.989
18  02:00:00    9.188    7.532   67.675   28.374    0.798    3.971    2.000000   87.957   50.120   37.107
18  02:00:30    9.177    7.552   67.686   28.409    0.796    3.771    2.008333   87.707   49.988   37.226
18  02:01:00    9.218    7.570   67.697   28.445    0.795    3.443    2.016667   87.459   49.855   37.346
18  02:01:30    9.297    7.586   67.708   28.481    0.794    3.143    2.025000   87.214   49.721   37.468
18  02:02:00    9.327    7.601   67.719   28.517    0.792    2.771    2.033333   86.972   49.586   37.590
18  02:02:30    9.284    7.614   67.730   28.554    0.791    2.257    2.041667   86.732   49.449   37.713
18  02:03:00    9.108    7.624   67.741   28.591    0.790    1.643    2.050000   86.494   49.311   37.838
18  02:03:30    8.957    7.630   67.752   28.628    0.788    0.814    2.058333   86.258   49.173   37.963
18  02:04:00    8.991    7.632   67.763   28.665    0.787   -0.143    2.066667   86.025   49.033   38.090
18  02:04:30    9.127    7.629   67.774   28.703    0.786   -0.914    2.075000   85.795   48.892   38.217
18  02:05:00    9.376    7.623   67.785   28.741    0.784   -1.314    2.083333   85.566   48.749   38.345
18  02:05:30    9.561    7.616   67.795   28.780    0.783   -1.557    2.091667   85.340   48.606   38.474
18  02:06:00    9.780    7.607   67.806   28.819    0.781   -1.829    2.100000   85.117   48.462   38.604
18  02:06:30   10.028    7.597   67.817   28.858    0.780   -1.771    2.108333   84.896   48.316   38.735
18  02:07:00   10.295    7.590   67.828   28.898    0.779   -1.171    2.116667   84.677   48.170   38.867
18  02:07:30   10.452    7.586   67.839   28.938    0.777   -0.243    2.125000   84.460   48.023   39.000
18  02:08:00   10.420    7.587   67.849   28.978    0.776    0.657    2.133333   84.246   47.874   39.134
18  02:08:30   10.305    7.592   67.860   29.018    0.774    1.457    2.141667   84.034   47.725   39.268
18  02:09:00   10.233    7.602   67.871   29.059    0.773    2.500    2.150000   83.824   47.574   39.403
18  02:09:30   10.224    7.617   67.881   29.101    0.771    3.871    2.158333   83.617   47.423   39.539
18  02:10:00   10.280    7.640   67.892   29.142    0.770    5.314    2.166667   83.412   47.270   39.676
18  02:10:30   10.340    7.670   67.903   29.185    0.768    6.657    2.175000   83.209   47.117   39.814
18  02:11:00   10.450    7.707   67.913   29.227    0.767    7.871    2.183333   83.009   46.963   39.952
18  02:11:30   10.595    7.749   67.924   29.270    0.765    8.914    2.191667   82.810   46.807   40.092
18  02:12:00   10.803    7.796   67.934   29.313    0.763    9.471    2.200000   82.614   46.651   40.232
18  02:12:30   11.096    7.844   67.945   29.357    0.762    9.271    2.208333   82.420   46.494   40.372
18  02:13:00   11.355    7.889   67.955   29.400    0.760    8.686    2.216667   82.229   46.336   40.514
18  02:13:30   11.619    7.931   67.966   29.445    0.759    8.086    2.225000   82.040   46.178   40.656
18  02:14:00   11.731    7.970   67.976   29.490    0.757    7.729    2.233333   81.852   46.018   40.799
18  02:14:30   11.718    8.008   67.987   29.535    0.755    7.614    2.241667   81.667   45.858   40.942
18  02:15:00   11.634    8.046   67.997   29.580    0.754    7.629    2.250000   81.484   45.696   41.086
18  02:15:30   11.505    8.084   68.007   29.626    0.752    7.829    2.258333   81.304   45.534   41.231
18  02:16:00   11.373    8.124   68.018   29.672    0.750    8.314    2.266667   81.125   45.371   41.376
18  02:16:30   11.278    8.167   68.028   29.719    0.749    8.971    2.275000   80.949   45.208   41.522
18  02:17:00   11.199    8.214   68.038   29.766    0.747    9.714    2.283333   80.774   45.043   41.669
18  02:17:30   11.252    8.264   68.049   29.814    0.745   10.314    2.291667   80.602   44.878   41.816
18  02:18:00   11.363    8.317   68.059   29.862    0.744   10.771    2.300000   80.432   44.712   41.964
18  02:18:30   11.497    8.372   68.069   29.910    0.742   11.114    2.308333   80.264   44.545   42.113
18  02:19:00   11.666    8.428   68.079   29.959    0.740   11.271    2.316667   80.098   44.378   42.262
18  02:19:30   11.788    8.485   68.090   30.008    0.738   11.228    2.325000   79.934   44.209   42.411
18  02:20:00   11.978    8.540   68.100   30.058    0.737   10.943    2.333333   79.772   44.040   42.561
18  02:20:30   12.080    8.594   68.110   30.108    0.735   10.414    2.341667   79.612   43.871   42.712
18  02:21:00   12.220    8.645   68.120   30.159    0.733    9.829    2.350000   79.454   43.700   42.863
18  02:21:30   12.267    8.693   68.130   30.210    0.731    9.171    2.358333   79.299   43.529   43.015
18  02:22:00   12.223    8.736   68.140   30.261    0.729    8.529    2.366667   79.145   43.358   43.167
18  02:22:30   12.066    8.778   68.150   30.313    0.728    8.086    2.375000   78.993   43.185   43.319
18  02:23:00   11.898    8.817   68.160   30.366    0.726    7.829    2.383333   78.843   43.012   43.472
18  02:23:30   11.835    8.856   68.170   30.419    0.724    7.729    2.391667   78.694   42.839   43.626
18  02:24:00   11.882    8.894   68.180   30.472    0.722    7.557    2.400000   78.548   42.665   43.780
18  02:24:30   12.028    8.932   68.190   30.526    0.720    7.157    2.408333   78.404   42.490   43.934
18  02:25:00   12.099    8.966   68.200   30.581    0.718    6.686    2.416667   78.262   42.314   44.089
18  02:25:30   12.157    8.999   68.210   30.635    0.716    6.400    2.425000   78.121   42.138   44.244
18  02:26:00   12.215    9.030   68.220   30.691    0.714    6.443    2.433333   77.982   41.962   44.400
18  02:26:30   12.378    9.063   68.230   30.747    0.713    6.643    2.441667   77.846   41.784   44.556
18  02:27:00   12.501    9.096   68.240   30.803    0.711    6.514    2.450000   77.711   41.607   44.712
18  02:27:30   12.446    9.128   68.249   30.860    0.709    6.229    2.458333   77.578   41.428   44.869
18  02:28:00   12.359    9.159   68.259   30.917    0.707    6.257    2.466667   77.446   41.249   45.026
18  02:28:30   12.289    9.191   68.269   30.975    0.705    6.800    2.475000   77.317   41.070   45.183
18  02:29:00   12.436    9.227   68.279   31.034    0.703    7.557    2.483333   77.189   40.890   45.341
18  02:29:30   12.491    9.266   68.288   31.093    0.701    8.114    2.491667   77.063   40.710   45.499
18  02:30:00   12.524    9.308   68.298   31.152    0.699    8.428    2.500000   76.938   40.529   45.657
18  02:30:30   12.495    9.351   68.308   31.212    0.697    8.886    2.508333   76.816   40.347   45.816
18  02:31:00   12.512    9.397   68.317   31.273    0.695    9.614    2.516667   76.695   40.165   45.975
18  02:31:30   12.452    9.447   68.327   31.334    0.693   10.286    2.525000   76.576   39.983   46.134
18  02:32:00   12.433    9.500   68.336   31.396    0.691   10.414    2.533333   76.458   39.800   46.294
18  02:32:30   12.461    9.551   68.346   31.458    0.689    9.843    2.541667   76.342   39.616   46.454
18  02:33:00   12.564    9.598   68.355   31.521    0.687    9.100    2.550000   76.228   39.433   46.614
18  02:33:30   12.547    9.642   68.365   31.585    0.685    8.629    2.558333   76.116   39.248   46.774
18  02:34:00   12.415    9.684   68.374   31.649    0.683    8.286    2.566667   76.005   39.063   46.934
18  02:34:30   12.192    9.725   68.384   31.713    0.681    7.614    2.575000   75.896   38.878   47.095
18  02:35:00   12.063    9.760   68.393   31.779    0.679    6.857    2.583333   75.788   38.693   47.256
18  02:35:30   12.135    9.793   68.402   31.844    0.677    6.657    2.591667   75.682   38.507   47.417
18  02:36:00   12.371    9.827   68.412   31.911    0.675    7.057    2.600000   75.578   38.320   47.579
18  02:36:30   12.652    9.864   68.421   31.978    0.672    7.529    2.608333   75.475   38.133   47.740
18  02:37:00   12.757    9.902   68.430   32.046    0.670    7.871    2.616667   75.373   37.946   47.902
18  02:37:30   12.766    9.943   68.440   32.114    0.668    8.543    2.625000   75.273   37.759   48.064
18  02:38:00   12.814    9.988   68.449   32.183    0.666    9.543    2.633333   75.175   37.571   48.226
18  02:38:30   12.885   10.038   68.458   32.253    0.664   10.200    2.641667   75.078   37.382   48.388
18  02:39:00   12.971   10.090   68.467   32.323    0.662   10.571    2.650000   74.983   37.193   48.550
18  02:39:30   12.954   10.144   68.476   32.394    0.660   11.157    2.658333   74.889   37.004   48.712
18  02:40:00   13.042   10.201   68.485   32.466    0.658   11.986    2.666667   74.797   36.815   48.875
18  02:40:30   13.143   10.264   68.494   32.539    0.656   12.886    2.675000   74.706   36.625   49.037
18  02:41:00   13.280   10.330   68.503   32.612    0.653   13.600    2.683333   74.616   36.435   49.200
18  02:41:30   13.331   10.400   68.512   32.685    0.651   14.314    2.691667   74.528   36.244   49.363
18  02:42:00   13.461   10.473   68.521   32.760    0.649   15.057    2.700000   74.441   36.054   49.526
18  02:42:30   13.568   10.550   68.530   32.835    0.647   15.229    2.708333   74.356   35.863   49.689
18  02:43:00   13.789   10.626   68.539   32.911    0.645   14.914    2.716667   74.272   35.671   49.852
18  02:43:30   14.012   10.699   68.548   32.988    0.643   14.472    2.725000   74.190   35.479   50.015
18  02:44:00   14.187   10.770   68.556   33.065    0.640   14.172    2.733333   74.109   35.287   50.178
18  02:44:30   14.270   10.841   68.565   33.143    0.638   13.914    2.741667   74.029   35.095   50.341
18  02:45:00   14.364   10.909   68.574   33.222    0.636   13.443    2.750000   73.951   34.903   50.504
18  02:45:30   14.557   10.975   68.582   33.302    0.634   13.100    2.758333   73.874   34.710   50.667
18  02:46:00   14.575   11.040   68.591   33.382    0.632   13.143    2.766667   73.798   34.516   50.830
18  02:46:30   14.412   11.107   68.600   33.464    0.629   13.143    2.775000   73.723   34.323   50.994
18  02:47:00   14.129   11.172   68.608   33.546    0.627   12.971    2.783333   73.650   34.129   51.157
18  02:47:30   14.053   11.237   68.617   33.629    0.625   12.443    2.791667   73.578   33.935   51.320
18  02:48:00   14.023   11.296   68.625   33.712    0.623   11.814    2.800000   73.508   33.741   51.483
18  02:48:30   14.077   11.355   68.633   33.797    0.621   11.200    2.808333   73.438   33.547   51.646
18  02:49:00   14.083   11.408   68.642   33.882    0.618   10.300    2.816667   73.370   33.352   51.809
18  02:49:30   14.107   11.458   68.650   33.968    0.616    9.243    2.825000   73.303   33.157   51.972
18  02:50:00   14.153   11.501   68.658   34.056    0.614    8.329    2.833333   73.238   32.962   52.135
18  02:50:30   14.080   11.541   68.666   34.143    0.612    7.643    2.841667   73.173   32.767   52.298
18  02:51:00   13.869   11.577   68.674   34.232    0.609    7.086    2.850000   73.110   32.571   52.461
18  02:51:30   13.442   11.612   68.682   34.322    0.607    6.229    2.858333   73.048   32.375   52.623
18  02:52:00   13.111   11.639   68.690   34.413    0.605    5.043    2.866667   72.987   32.179   52.786
18  02:52:30   12.888   11.662   68.698   34.504    0.603    3.900    2.875000   72.927   31.983   52.948
18  02:53:00   12.664   11.678   68.706   34.597    0.600    2.986    2.883333   72.869   31.786   53.111
18  02:53:30   12.402   11.692   68.714   34.690    0.598    2.200    2.891667   72.811   31.590   53.273
18  02:54:00   12.170   11.700   68.722   34.784    0.596    1.086    2.900000   72.755   31.393   53.435
18  02:54:30   12.129   11.703   68.730   34.880    0.593   -0.029    2.908333   72.700   31.196   53.597
18  02:55:00   12.256   11.700   68.737   34.976    0.591   -0.372    2.916667   72.646   30.999   53.759
18  02:55:30   12.354   11.699   68.745   35.073    0.589    0.886    2.925000   72.593   30.801   53.920
18  02:56:00   12.198   11.709   68.752   35.171    0.587    3.471    2.933333   72.541   30.604   54.082
18  02:56:30   12.149   11.734   68.760   35.271    0.584    6.343    2.941667   72.490   30.406   54.243
18  02:57:00   12.223   11.772   68.767   35.371    0.582    8.957    2.950000   72.441   30.208   54.404
18  02:57:30   12.533   11.824   68.774   35.472    0.580   11.400    2.958333   72.392   30.010   54.565
18  02:58:00   12.636   11.886   68.782   35.575    0.577   13.900    2.966667   72.344   29.812   54.726
18  02:58:30   12.657   11.963   68.789   35.678    0.575   15.857    2.975000   72.298   29.614   54.886
18  02:59:00   12.551   12.045   68.796   35.783    0.573   16.329    2.983333   72.252   29.415   55.046
18  02:59:30   12.410   12.126   68.803   35.888    0.571   15.600    2.991667   72.208   29.217   55.206
18  03:00:00   12.287   12.201   68.810   35.995    0.568   14.586    3.000000   72.165   29.018   55.366
18  03:00:30   12.101   12.272   68.817   36.103    0.566   13.657    3.008333   72.122   28.819   55.526
18  03:01:00   11.967   12.338   68.824   36.212    0.564   12.643    3.016667   72.081   28.620   55.685
18  03:01:30   12.005   12.398   68.830   36.322    0.561   11.457    3.025000   72.040   28.421   55.844
18  03:02:00   12.427   12.452   68.837   36.433    0.559   10.643    3.033333   72.001   28.222   56.003
18  03:02:30   12.980   12.505   68.843   36.545    0.557   10.914    3.041667   71.962   28.022   56.161
18  03:03:00   13.329   12.561   68.850   36.659    0.555   11.714    3.050000   71.925   27.823   56.319
18  03:03:30   13.486   12.622   68.856   36.774    0.552   12.186    3.058333   71.888   27.623   56.477
18  03:04:00   13.531   12.683   68.862   36.890    0.550   12.643    3.066667   71.853   27.423   56.635
18  03:04:30   13.739   12.748   68.868   37.007    0.548   13.543    3.075000   71.818   27.224   56.792
18  03:05:00   13.911   12.819   68.874   37.126    0.545   15.057    3.083333   71.784   27.024   56.949
18  03:05:30   14.171   12.899   68.880   37.245    0.543   16.500    3.091667   71.751   26.824   57.106
18  03:06:00   14.334   12.984   68.886   37.366    0.541   17.357    3.100000   71.719   26.624   57.262
18  03:06:30   14.633   13.072   68.892   37.489    0.539   17.943    3.108333   71.688   26.423   57.418
18  03:07:00   14.721   13.163   68.897   37.613    0.536   18.100    3.116667   71.658   26.223   57.573
18  03:07:30   14.576   13.253   68.903   37.738    0.534   17.929    3.125000   71.629   26.023   57.728
18  03:08:00   14.432   13.342   68.908   37.864    0.532   17.714    3.133333   71.600   25.822   57.883
18  03:08:30   14.551   13.430   68.913   37.992    0.529   17.300    3.141667   71.573   25.622   58.037
18  03:09:00   14.779   13.515   68.918   38.121    0.527   16.529    3.150000   71.546   25.421   58.191
18  03:09:30   14.926   13.596   68.923   38.252    0.525   15.314    3.158333   71.520   25.220   58.345
18  03:10:00   14.782   13.668   68.928   38.384    0.523   14.371    3.166667   71.495   25.020   58.498
18  03:10:30   14.751   13.739   68.933   38.517    0.520   14.672    3.175000   71.471   24.819   58.651
18  03:11:00   14.880   13.815   68.938   38.652    0.518   15.800    3.183333   71.448   24.618   58.803
18  03:11:30   15.253   13.897   68.942   38.788    0.516   17.300    3.191667   71.425   24.417   58.955
18  03:12:00   15.509   13.988   68.946   38.926    0.513   18.914    3.200000   71.404   24.216   59.106
18  03:12:30   15.314   14.087   68.950   39.066    0.511   20.400    3.208333   71.383   24.015   59.257
18  03:13:00   15.112   14.192   68.954   39.206    0.509   21.272    3.216667   71.363   23.814   59.407
18  03:13:30   15.368   14.299   68.958   39.349    0.507   21.128    3.225000   71.343   23.613   59.557
18  03:14:00   16.078   14.403   68.962   39.493    0.504   20.600    3.233333   71.325   23.412   59.707
18  03:14:30   16.450   14.505   68.965   39.639    0.502   19.986    3.241667   71.307   23.210   59.856
18  03:15:00   16.274   14.603   68.968   39.786    0.500   18.928    3.250000   71.290   23.009   60.004
18  03:15:30   16.023   14.695   68.972   39.935    0.498   17.586    3.258333   71.274   22.808   60.152
18  03:16:00   15.824   14.779   68.975   40.085    0.495   16.872    3.266667   71.258   22.606   60.299
18  03:16:30   15.580   14.863   68.977   40.238    0.493   17.557    3.275000   71.244   22.405   60.446
18  03:17:00   15.195   14.955   68.980   40.392    0.491   19.143    3.283333   71.230   22.204   60.592
18  03:17:30   15.082   15.055   68.982   40.547    0.489   20.557    3.291667   71.216   22.002   60.737
18  03:18:00   15.232   15.160   68.984   40.705    0.487   21.529    3.300000   71.204   21.801   60.882
18  03:18:30   14.935   15.270   68.986   40.864    0.484   22.957    3.308333   71.192   21.599   61.027
18  03:19:00   14.310   15.390   68.988   41.025    0.482   24.572    3.316667   71.181   21.398   61.170
18  03:19:30   13.293   15.516   68.990   41.188    0.480   25.457    3.325000   71.171   21.196   61.314
18  03:20:00   13.293   15.644   68.991   41.352    0.478   24.928    3.333333   71.161   20.995   61.456
18  03:20:30   13.293   15.765   68.992   41.519    0.476   23.329    3.341667   71.152   20.793   61.598
18  03:21:00   13.293   15.878   68.993   41.687    0.473   22.929    3.350000   71.144   20.592   61.739